40
10.000000 85.000000 0.000000 10.000000
10.000000 140.000000 0.000000 10.000000
85.000000 140.000000 0.000000 10.000000
160.000000 140.000000 0.000000 10.000000
160.000000 230.000000 0.000000 10.000000
60.000000 230.000000 0.000000 10.000000
-40.000000 230.000000 0.000000 10.000000
-140.000000 230.000000 0.000000 10.000000
-140.000000 280.000000 0.000000 10.000000
-40.000000 280.000000 0.000000 10.000000
60.000000 280.000000 0.000000 10.000000
160.000000 280.000000 0.000000 10.000000
160.000000 370.000000 0.000000 10.000000
60.000000 370.000000 0.000000 10.000000
-40.000000 370.000000 0.000000 10.000000
-140.000000 370.000000 0.000000 10.000000
-140.000000 420.000000 0.000000 10.000000
-65.000000 420.000000 0.000000 10.000000
10.000000 420.000000 0.000000 10.000000
10.000000 505.000000 0.000000 10.000000
-10.000000 85.000000 0.000000 10.000000
-10.000000 160.000000 0.000000 10.000000
65.000000 160.000000 0.000000 10.000000
140.000000 160.000000 0.000000 10.000000
140.000000 210.000000 0.000000 10.000000
40.000000 210.000000 0.000000 10.000000
-60.000000 210.000000 0.000000 10.000000
-160.000000 210.000000 0.000000 10.000000
-160.000000 300.000000 0.000000 10.000000
-60.000000 300.000000 0.000000 10.000000
40.000000 300.000000 0.000000 10.000000
140.000000 300.000000 0.000000 10.000000
140.000000 350.000000 0.000000 10.000000
40.000000 350.000000 0.000000 10.000000
-60.000000 350.000000 0.000000 10.000000
-160.000000 350.000000 0.000000 10.000000
-160.000000 440.000000 0.000000 10.000000
-85.000000 440.000000 0.000000 10.000000
-10.000000 440.000000 0.000000 10.000000
-10.000000 505.000000 0.000000 10.000000
